2 1 4 11450000 
2 1 5 11583333 
2 1 6 10616667 
2 1 7 10216667 
2 1 8 9526667 
2 1 9 8950000 
2 1 10 9276667 
2 1 11 9183333 
2 1 12 9906667 
2 1 13 9670000 
2 2 4 10576667 
2 2 5 9643333 
2 2 6 8913333 
2 2 7 8706667 
2 2 8 8996667 
2 2 9 8763333 
2 2 10 8713333 
2 2 11 8630000 
2 2 12 8780000 
2 2 13 8840000 
2 4 4 11623333 
2 4 5 10853333 
2 4 6 9903333 
2 4 7 9176667 
2 4 8 9456667 
2 4 9 10426667 
2 4 10 9700000 
2 4 11 9663333 
2 4 12 9570000 
2 4 13 8203333 
2 8 4 11616667 
2 8 5 10830000 
2 8 6 9263333 
2 8 7 10213333 
2 8 8 10150000 
2 8 9 9813333 
2 8 10 9433333 
2 8 11 8686667 
2 8 12 8600000 
2 8 13 8556667 
2 16 4 11656667 
2 16 5 11440000 
2 16 6 10346667 
2 16 7 11833333 
2 16 8 11690000 
2 16 9 11646667 
2 16 10 9456667 
2 16 11 7476667 
2 16 12 5566667 
2 16 13 6666667 
2 50 4 11483333 
2 50 5 11166667 
2 50 6 10573333 
2 50 7 9223333 
2 50 8 7783333 
2 50 9 6363333 
2 50 10 5146667 
2 50 11 4350000 
2 50 12 3446667 
2 50 13 2833333 
2 100 4 11443333 
2 100 5 11190000 
2 100 6 10560000 
2 100 7 10403333 
2 100 8 10710000 
2 100 9 10286667 
2 100 10 9953333 
2 100 11 10020000 
2 100 12 9226667 
2 100 13 9226667 
2 200 4 11376667 
2 200 5 10843333 
2 200 6 10313333 
2 200 7 11500000 
2 200 8 11710000 
2 200 9 11586667 
2 200 10 10916667 
2 200 11 10916667 
2 200 12 10916667 
2 200 13 10916667 
2 300 4 11513333 
2 300 5 1.2e+07 
2 300 6 11763333 
2 300 7 12300000 
2 300 8 11623333 
2 300 9 11163333 
2 300 10 11163333 
2 300 11 11163333 
2 300 12 11163333 
2 300 13 11163333 
2 400 4 11513333 
2 400 5 1.2e+07 
2 400 6 11586667 
2 400 7 11346667 
2 400 8 10996667 
2 400 9 10996667 
2 400 10 10996667 
2 400 11 10996667 
2 400 12 10996667 
2 400 13 10996667 
2 750 4 11623333 
2 750 5 12076667 
2 750 6 12356667 
2 750 7 12356667 
2 750 8 12356667 
2 750 9 12356667 
2 750 10 12356667 
2 750 11 12356667 
2 750 12 12356667 
2 750 13 12356667 
4 1 4 11450000 
4 1 5 11583333 
4 1 6 10616667 
4 1 7 10206667 
4 1 8 9516667 
4 1 9 8940000 
4 1 10 9260000 
4 1 11 9160000 
4 1 12 9883333 
4 1 13 9613333 
4 2 4 10576667 
4 2 5 9643333 
4 2 6 8913333 
4 2 7 8706667 
4 2 8 8996667 
4 2 9 8763333 
4 2 10 8713333 
4 2 11 8630000 
4 2 12 8780000 
4 2 13 8840000 
4 4 4 11623333 
4 4 5 10853333 
4 4 6 9903333 
4 4 7 9176667 
4 4 8 9456667 
4 4 9 10426667 
4 4 10 9700000 
4 4 11 9663333 
4 4 12 9570000 
4 4 13 8203333 
4 8 4 11616667 
4 8 5 10830000 
4 8 6 9263333 
4 8 7 10213333 
4 8 8 10150000 
4 8 9 9813333 
4 8 10 9433333 
4 8 11 8686667 
4 8 12 8600000 
4 8 13 8556667 
4 16 4 11656667 
4 16 5 11440000 
4 16 6 10346667 
4 16 7 11833333 
4 16 8 11690000 
4 16 9 11646667 
4 16 10 9456667 
4 16 11 7476667 
4 16 12 5566667 
4 16 13 6666667 
4 50 4 11483333 
4 50 5 11166667 
4 50 6 10573333 
4 50 7 9223333 
4 50 8 7783333 
4 50 9 6363333 
4 50 10 5146667 
4 50 11 4350000 
4 50 12 3446667 
4 50 13 2833333 
4 100 4 11443333 
4 100 5 11190000 
4 100 6 10560000 
4 100 7 10403333 
4 100 8 10710000 
4 100 9 10286667 
4 100 10 9953333 
4 100 11 10020000 
4 100 12 9226667 
4 100 13 9226667 
4 200 4 11376667 
4 200 5 10843333 
4 200 6 10313333 
4 200 7 11500000 
4 200 8 11710000 
4 200 9 11586667 
4 200 10 10916667 
4 200 11 10916667 
4 200 12 10916667 
4 200 13 10916667 
4 300 4 11513333 
4 300 5 1.2e+07 
4 300 6 11763333 
4 300 7 12300000 
4 300 8 11623333 
4 300 9 11163333 
4 300 10 11163333 
4 300 11 11163333 
4 300 12 11163333 
4 300 13 11163333 
4 400 4 11513333 
4 400 5 1.2e+07 
4 400 6 11586667 
4 400 7 11346667 
4 400 8 10996667 
4 400 9 10996667 
4 400 10 10996667 
4 400 11 10996667 
4 400 12 10996667 
4 400 13 10996667 
4 750 4 11623333 
4 750 5 12076667 
4 750 6 12356667 
4 750 7 12356667 
4 750 8 12356667 
4 750 9 12356667 
4 750 10 12356667 
4 750 11 12356667 
4 750 12 12356667 
4 750 13 12356667 
8 1 4 11450000 
8 1 5 11583333 
8 1 6 10603333 
8 1 7 10193333 
8 1 8 9476667 
8 1 9 8900000 
8 1 10 9216667 
8 1 11 9093333 
8 1 12 9810000 
8 1 13 9530000 
8 2 4 10576667 
8 2 5 9643333 
8 2 6 8900000 
8 2 7 8693333 
8 2 8 8980000 
8 2 9 8736667 
8 2 10 8683333 
8 2 11 8583333 
8 2 12 8726667 
8 2 13 8956667 
8 4 4 11623333 
8 4 5 10853333 
8 4 6 9903333 
8 4 7 9176667 
8 4 8 9456667 
8 4 9 10426667 
8 4 10 9700000 
8 4 11 9663333 
8 4 12 9570000 
8 4 13 8203333 
8 8 4 11616667 
8 8 5 10830000 
8 8 6 9263333 
8 8 7 10213333 
8 8 8 10150000 
8 8 9 9813333 
8 8 10 9433333 
8 8 11 8686667 
8 8 12 8600000 
8 8 13 8556667 
8 16 4 11656667 
8 16 5 11440000 
8 16 6 10346667 
8 16 7 11833333 
8 16 8 11690000 
8 16 9 11646667 
8 16 10 9456667 
8 16 11 7476667 
8 16 12 5566667 
8 16 13 6666667 
8 50 4 11483333 
8 50 5 11166667 
8 50 6 10573333 
8 50 7 9223333 
8 50 8 7783333 
8 50 9 6363333 
8 50 10 5146667 
8 50 11 4350000 
8 50 12 3446667 
8 50 13 2833333 
8 100 4 11443333 
8 100 5 11190000 
8 100 6 10560000 
8 100 7 10403333 
8 100 8 10710000 
8 100 9 10286667 
8 100 10 9953333 
8 100 11 10020000 
8 100 12 9226667 
8 100 13 9226667 
8 200 4 11376667 
8 200 5 10843333 
8 200 6 10313333 
8 200 7 11500000 
8 200 8 11710000 
8 200 9 11586667 
8 200 10 10916667 
8 200 11 10916667 
8 200 12 10916667 
8 200 13 10916667 
8 300 4 11513333 
8 300 5 1.2e+07 
8 300 6 11763333 
8 300 7 12300000 
8 300 8 11623333 
8 300 9 11163333 
8 300 10 11163333 
8 300 11 11163333 
8 300 12 11163333 
8 300 13 11163333 
8 400 4 11513333 
8 400 5 1.2e+07 
8 400 6 11586667 
8 400 7 11346667 
8 400 8 10996667 
8 400 9 10996667 
8 400 10 10996667 
8 400 11 10996667 
8 400 12 10996667 
8 400 13 10996667 
8 750 4 11623333 
8 750 5 12076667 
8 750 6 12356667 
8 750 7 12356667 
8 750 8 12356667 
8 750 9 12356667 
8 750 10 12356667 
8 750 11 12356667 
8 750 12 12356667 
8 750 13 12356667 
16 1 4 11450000 
16 1 5 11583333 
16 1 6 10586667 
16 1 7 10176667 
16 1 8 9460000 
16 1 9 9450000 
16 1 10 9766667 
16 1 11 9616667 
16 1 12 10280000 
16 1 13 9990000 
16 2 4 10576667 
16 2 5 9643333 
16 2 6 8883333 
16 2 7 8676667 
16 2 8 8963333 
16 2 9 9273333 
16 2 10 9203333 
16 2 11 9080000 
16 2 12 9133333 
16 2 13 9323333 
16 4 4 11623333 
16 4 5 10853333 
16 4 6 9890000 
16 4 7 9153333 
16 4 8 9423333 
16 4 9 11126667 
16 4 10 10360000 
16 4 11 10263333 
16 4 12 10126667 
16 4 13 8703333 
16 8 4 11616667 
16 8 5 10830000 
16 8 6 9263333 
16 8 7 10213333 
16 8 8 10150000 
16 8 9 9813333 
16 8 10 9433333 
16 8 11 8686667 
16 8 12 8600000 
16 8 13 8556667 
16 16 4 11656667 
16 16 5 11440000 
16 16 6 10346667 
16 16 7 11833333 
16 16 8 11690000 
16 16 9 11646667 
16 16 10 9456667 
16 16 11 7476667 
16 16 12 5566667 
16 16 13 6666667 
16 50 4 11483333 
16 50 5 11166667 
16 50 6 10573333 
16 50 7 9223333 
16 50 8 7783333 
16 50 9 6363333 
16 50 10 5146667 
16 50 11 4350000 
16 50 12 3446667 
16 50 13 2833333 
16 100 4 11443333 
16 100 5 11190000 
16 100 6 10560000 
16 100 7 10403333 
16 100 8 10710000 
16 100 9 10286667 
16 100 10 9953333 
16 100 11 10020000 
16 100 12 9226667 
16 100 13 9226667 
16 200 4 11376667 
16 200 5 10843333 
16 200 6 10313333 
16 200 7 11500000 
16 200 8 11710000 
16 200 9 11586667 
16 200 10 10916667 
16 200 11 10916667 
16 200 12 10916667 
16 200 13 10916667 
16 300 4 11513333 
16 300 5 1.2e+07 
16 300 6 11763333 
16 300 7 12300000 
16 300 8 11623333 
16 300 9 11163333 
16 300 10 11163333 
16 300 11 11163333 
16 300 12 11163333 
16 300 13 11163333 
16 400 4 11513333 
16 400 5 1.2e+07 
16 400 6 11586667 
16 400 7 11346667 
16 400 8 10996667 
16 400 9 10996667 
16 400 10 10996667 
16 400 11 10996667 
16 400 12 10996667 
16 400 13 10996667 
16 750 4 11623333 
16 750 5 12076667 
16 750 6 12356667 
16 750 7 12356667 
16 750 8 12356667 
16 750 9 12356667 
16 750 10 12356667 
16 750 11 12356667 
16 750 12 12356667 
16 750 13 12356667 
32 1 4 11450000 
32 1 5 11583333 
32 1 6 10586667 
32 1 7 10563333 
32 1 8 9846667 
32 1 9 9806667 
32 1 10 10123333 
32 1 11 9950000 
32 1 12 10590000 
32 1 13 10286667 
32 2 4 10576667 
32 2 5 9643333 
32 2 6 8883333 
32 2 7 9060000 
32 2 8 9346667 
32 2 9 9626667 
32 2 10 9540000 
32 2 11 9416667 
32 2 12 9443333 
32 2 13 9603333 
32 4 4 11623333 
32 4 5 10853333 
32 4 6 9886667 
32 4 7 9536667 
32 4 8 9806667 
32 4 9 11453333 
32 4 10 10816667 
32 4 11 10856667 
32 4 12 10650000 
32 4 13 9366667 
32 8 4 11610000 
32 8 5 10823333 
32 8 6 9253333 
32 8 7 10203333 
32 8 8 10140000 
32 8 9 10106667 
32 8 10 9713333 
32 8 11 8850000 
32 8 12 8716667 
32 8 13 8756667 
32 16 4 11656667 
32 16 5 11440000 
32 16 6 10346667 
32 16 7 11833333 
32 16 8 11690000 
32 16 9 11646667 
32 16 10 9456667 
32 16 11 7476667 
32 16 12 5566667 
32 16 13 6666667 
32 50 4 11483333 
32 50 5 11166667 
32 50 6 10573333 
32 50 7 9223333 
32 50 8 7783333 
32 50 9 6363333 
32 50 10 5146667 
32 50 11 4350000 
32 50 12 3446667 
32 50 13 2833333 
32 100 4 11443333 
32 100 5 11190000 
32 100 6 10560000 
32 100 7 10403333 
32 100 8 10710000 
32 100 9 10286667 
32 100 10 9953333 
32 100 11 10020000 
32 100 12 9226667 
32 100 13 9226667 
32 200 4 11376667 
32 200 5 10843333 
32 200 6 10313333 
32 200 7 11500000 
32 200 8 11710000 
32 200 9 11586667 
32 200 10 10916667 
32 200 11 10916667 
32 200 12 10916667 
32 200 13 10916667 
32 300 4 11513333 
32 300 5 1.2e+07 
32 300 6 11763333 
32 300 7 12300000 
32 300 8 11623333 
32 300 9 11163333 
32 300 10 11163333 
32 300 11 11163333 
32 300 12 11163333 
32 300 13 11163333 
32 400 4 11513333 
32 400 5 1.2e+07 
32 400 6 11586667 
32 400 7 11346667 
32 400 8 10996667 
32 400 9 10996667 
32 400 10 10996667 
32 400 11 10996667 
32 400 12 10996667 
32 400 13 10996667 
32 750 4 11623333 
32 750 5 12076667 
32 750 6 12356667 
32 750 7 12356667 
32 750 8 12356667 
32 750 9 12356667 
32 750 10 12356667 
32 750 11 12356667 
32 750 12 12356667 
32 750 13 12356667 
100 1 4 11450000 
100 1 5 11583333 
100 1 6 10586667 
100 1 7 10563333 
100 1 8 9916667 
100 1 9 9876667 
100 1 10 10093333 
100 1 11 9920000 
100 1 12 10426667 
100 1 13 10066667 
100 2 4 10576667 
100 2 5 9643333 
100 2 6 8883333 
100 2 7 9060000 
100 2 8 9343333 
100 2 9 9623333 
100 2 10 9483333 
100 2 11 9360000 
100 2 12 9430000 
100 2 13 9396667 
100 4 4 11623333 
100 4 5 10853333 
100 4 6 9886667 
100 4 7 9573333 
100 4 8 9843333 
100 4 9 11393333 
100 4 10 10746667 
100 4 11 10673333 
100 4 12 10310000 
100 4 13 8773333 
100 8 4 11610000 
100 8 5 10823333 
100 8 6 9253333 
100 8 7 10136667 
100 8 8 10036667 
100 8 9 9980000 
100 8 10 9330000 
100 8 11 8350000 
100 8 12 8066667 
100 8 13 7863333 
100 16 4 11656667 
100 16 5 11440000 
100 16 6 10360000 
100 16 7 11730000 
100 16 8 11420000 
100 16 9 11323333 
100 16 10 9050000 
100 16 11 7600000 
100 16 12 6080000 
100 16 13 7413333 
100 50 4 11483333 
100 50 5 11166667 
100 50 6 10573333 
100 50 7 9223333 
100 50 8 7783333 
100 50 9 6363333 
100 50 10 5146667 
100 50 11 4350000 
100 50 12 3446667 
100 50 13 2833333 
100 100 4 11443333 
100 100 5 11190000 
100 100 6 10560000 
100 100 7 10403333 
100 100 8 10710000 
100 100 9 10286667 
100 100 10 9953333 
100 100 11 10020000 
100 100 12 9226667 
100 100 13 9226667 
100 200 4 11376667 
100 200 5 10843333 
100 200 6 10313333 
100 200 7 11500000 
100 200 8 11710000 
100 200 9 11586667 
100 200 10 10916667 
100 200 11 10916667 
100 200 12 10916667 
100 200 13 10916667 
100 300 4 11513333 
100 300 5 1.2e+07 
100 300 6 11763333 
100 300 7 12300000 
100 300 8 11623333 
100 300 9 11163333 
100 300 10 11163333 
100 300 11 11163333 
100 300 12 11163333 
100 300 13 11163333 
100 400 4 11513333 
100 400 5 1.2e+07 
100 400 6 11586667 
100 400 7 11346667 
100 400 8 10996667 
100 400 9 10996667 
100 400 10 10996667 
100 400 11 10996667 
100 400 12 10996667 
100 400 13 10996667 
100 750 4 11623333 
100 750 5 12076667 
100 750 6 12356667 
100 750 7 12356667 
100 750 8 12356667 
100 750 9 12356667 
100 750 10 12356667 
100 750 11 12356667 
100 750 12 12356667 
100 750 13 12356667 
200 1 4 11450000 
200 1 5 11583333 
200 1 6 10586667 
200 1 7 10563333 
200 1 8 9916667 
200 1 9 9766667 
200 1 10 9686667 
200 1 11 9560000 
200 1 12 10066667 
200 1 13 9713333 
200 2 4 10576667 
200 2 5 9643333 
200 2 6 8883333 
200 2 7 9060000 
200 2 8 9343333 
200 2 9 9520000 
200 2 10 9253333 
200 2 11 9390000 
200 2 12 9386667 
200 2 13 9583333 
200 4 4 11623333 
200 4 5 10853333 
200 4 6 9886667 
200 4 7 9573333 
200 4 8 9843333 
200 4 9 11520000 
200 4 10 10736667 
200 4 11 10936667 
200 4 12 10563333 
200 4 13 8926667 
200 8 4 11610000 
200 8 5 10823333 
200 8 6 9160000 
200 8 7 10043333 
200 8 8 10103333 
200 8 9 10006667 
200 8 10 9340000 
200 8 11 8360000 
200 8 12 8183333 
200 8 13 7953333 
200 16 4 11656667 
200 16 5 11346667 
200 16 6 10153333 
200 16 7 11446667 
200 16 8 11443333 
200 16 9 11370000 
200 16 10 9313333 
200 16 11 8093333 
200 16 12 6503333 
200 16 13 7836667 
200 50 4 11483333 
200 50 5 11120000 
200 50 6 10380000 
200 50 7 9510000 
200 50 8 8896667 
200 50 9 8166667 
200 50 10 7513333 
200 50 11 7443333 
200 50 12 6353333 
200 50 13 5903333 
200 100 4 11443333 
200 100 5 11190000 
200 100 6 10560000 
200 100 7 10403333 
200 100 8 10710000 
200 100 9 10286667 
200 100 10 9953333 
200 100 11 10020000 
200 100 12 9226667 
200 100 13 9226667 
200 200 4 11376667 
200 200 5 10843333 
200 200 6 10313333 
200 200 7 11500000 
200 200 8 11710000 
200 200 9 11586667 
200 200 10 10916667 
200 200 11 10916667 
200 200 12 10916667 
200 200 13 10916667 
200 300 4 11513333 
200 300 5 1.2e+07 
200 300 6 11763333 
200 300 7 12300000 
200 300 8 11623333 
200 300 9 11163333 
200 300 10 11163333 
200 300 11 11163333 
200 300 12 11163333 
200 300 13 11163333 
200 400 4 11513333 
200 400 5 1.2e+07 
200 400 6 11586667 
200 400 7 11346667 
200 400 8 10996667 
200 400 9 10996667 
200 400 10 10996667 
200 400 11 10996667 
200 400 12 10996667 
200 400 13 10996667 
200 750 4 11623333 
200 750 5 12076667 
200 750 6 12356667 
200 750 7 12356667 
200 750 8 12356667 
200 750 9 12356667 
200 750 10 12356667 
200 750 11 12356667 
200 750 12 12356667 
200 750 13 12356667 
400 1 4 11450000 
400 1 5 11583333 
400 1 6 10586667 
400 1 7 10563333 
400 1 8 9916667 
400 1 9 9770000 
400 1 10 9700000 
400 1 11 9596667 
400 1 12 10103333 
400 1 13 9770000 
400 2 4 10576667 
400 2 5 9643333 
400 2 6 8883333 
400 2 7 9060000 
400 2 8 9343333 
400 2 9 9526667 
400 2 10 9286667 
400 2 11 9446667 
400 2 12 9443333 
400 2 13 9670000 
400 4 4 11623333 
400 4 5 10853333 
400 4 6 9886667 
400 4 7 9573333 
400 4 8 9816667 
400 4 9 11503333 
400 4 10 11090000 
400 4 11 10843333 
400 4 12 10503333 
400 4 13 9253333 
400 8 4 11610000 
400 8 5 10823333 
400 8 6 9160000 
400 8 7 10043333 
400 8 8 10076667 
400 8 9 10003333 
400 8 10 9500000 
400 8 11 8436667 
400 8 12 8160000 
400 8 13 7923333 
400 16 4 11656667 
400 16 5 11346667 
400 16 6 10153333 
400 16 7 11446667 
400 16 8 11436667 
400 16 9 11043333 
400 16 10 8993333 
400 16 11 7926667 
400 16 12 6296667 
400 16 13 6300000 
400 50 4 11483333 
400 50 5 11120000 
400 50 6 10380000 
400 50 7 9770000 
400 50 8 9146667 
400 50 9 8543333 
400 50 10 7903333 
400 50 11 7613333 
400 50 12 7450000 
400 50 13 7183333 
400 100 4 11443333 
400 100 5 11190000 
400 100 6 10560000 
400 100 7 10523333 
400 100 8 10186667 
400 100 9 9970000 
400 100 10 9803333 
400 100 11 9870000 
400 100 12 9870000 
400 100 13 9870000 
400 200 4 11376667 
400 200 5 10843333 
400 200 6 10313333 
400 200 7 11500000 
400 200 8 11710000 
400 200 9 11586667 
400 200 10 10916667 
400 200 11 10916667 
400 200 12 10916667 
400 200 13 10916667 
400 300 4 11513333 
400 300 5 1.2e+07 
400 300 6 11763333 
400 300 7 12300000 
400 300 8 11623333 
400 300 9 11163333 
400 300 10 11163333 
400 300 11 11163333 
400 300 12 11163333 
400 300 13 11163333 
400 400 4 11513333 
400 400 5 1.2e+07 
400 400 6 11586667 
400 400 7 11346667 
400 400 8 10996667 
400 400 9 10996667 
400 400 10 10996667 
400 400 11 10996667 
400 400 12 10996667 
400 400 13 10996667 
400 750 4 11623333 
400 750 5 12076667 
400 750 6 12356667 
400 750 7 12356667 
400 750 8 12356667 
400 750 9 12356667 
400 750 10 12356667 
400 750 11 12356667 
400 750 12 12356667 
400 750 13 12356667 
600 1 4 11450000 
600 1 5 11583333 
600 1 6 10586667 
600 1 7 10563333 
600 1 8 9916667 
600 1 9 9770000 
600 1 10 9703333 
600 1 11 9673333 
600 1 12 10253333 
600 1 13 9943333 
600 2 4 10576667 
600 2 5 9643333 
600 2 6 8883333 
600 2 7 9060000 
600 2 8 9343333 
600 2 9 9533333 
600 2 10 9296667 
600 2 11 9523333 
600 2 12 9593333 
600 2 13 9846667 
600 4 4 11623333 
600 4 5 10853333 
600 4 6 9886667 
600 4 7 9573333 
600 4 8 9816667 
600 4 9 11520000 
600 4 10 11173333 
600 4 11 10983333 
600 4 12 10663333 
600 4 13 9460000 
600 8 4 11610000 
600 8 5 10823333 
600 8 6 9160000 
600 8 7 10043333 
600 8 8 10093333 
600 8 9 10080000 
600 8 10 9863333 
600 8 11 8800000 
600 8 12 8563333 
600 8 13 8356667 
600 16 4 11656667 
600 16 5 11346667 
600 16 6 10203333 
600 16 7 11366667 
600 16 8 11416667 
600 16 9 10916667 
600 16 10 9213333 
600 16 11 9226667 
600 16 12 8923333 
600 16 13 8783333 
600 50 4 11483333 
600 50 5 11120000 
600 50 6 10600000 
600 50 7 10963333 
600 50 8 10250000 
600 50 9 9926667 
600 50 10 9576667 
600 50 11 9286667 
600 50 12 9123333 
600 50 13 9070000 
600 100 4 11443333 
600 100 5 11190000 
600 100 6 10733333 
600 100 7 11400000 
600 100 8 11063333 
600 100 9 10626667 
600 100 10 10626667 
600 100 11 10626667 
600 100 12 10626667 
600 100 13 10626667 
600 200 4 11376667 
600 200 5 11156667 
600 200 6 10920000 
600 200 7 11330000 
600 200 8 11540000 
600 200 9 11733333 
600 200 10 11333333 
600 200 11 11333333 
600 200 12 11333333 
600 200 13 11333333 
600 300 4 11513333 
600 300 5 1.2e+07 
600 300 6 11763333 
600 300 7 12300000 
600 300 8 11623333 
600 300 9 11163333 
600 300 10 11163333 
600 300 11 11163333 
600 300 12 11163333 
600 300 13 11163333 
600 400 4 11513333 
600 400 5 1.2e+07 
600 400 6 11586667 
600 400 7 11346667 
600 400 8 10996667 
600 400 9 10996667 
600 400 10 10996667 
600 400 11 10996667 
600 400 12 10996667 
600 400 13 10996667 
600 750 4 11623333 
600 750 5 12076667 
600 750 6 12356667 
600 750 7 12356667 
600 750 8 12356667 
600 750 9 12356667 
600 750 10 12356667 
600 750 11 12356667 
600 750 12 12356667 
600 750 13 12356667 
800 1 4 11450000 
800 1 5 11583333 
800 1 6 10586667 
800 1 7 10563333 
800 1 8 9916667 
800 1 9 9943333 
800 1 10 9876667 
800 1 11 9916667 
800 1 12 10496667 
800 1 13 10203333 
800 2 4 10576667 
800 2 5 9643333 
800 2 6 8883333 
800 2 7 9060000 
800 2 8 9343333 
800 2 9 9533333 
800 2 10 9323333 
800 2 11 9550000 
800 2 12 9696667 
800 2 13 9950000 
800 4 4 11623333 
800 4 5 10853333 
800 4 6 9886667 
800 4 7 9573333 
800 4 8 9833333 
800 4 9 11400000 
800 4 10 11063333 
800 4 11 10970000 
800 4 12 10740000 
800 4 13 9363333 
800 8 4 11610000 
800 8 5 10823333 
800 8 6 9160000 
800 8 7 9616667 
800 8 8 9496667 
800 8 9 9483333 
800 8 10 9350000 
800 8 11 8373333 
800 8 12 8170000 
800 8 13 7993333 
800 16 4 11656667 
800 16 5 11346667 
800 16 6 10286667 
800 16 7 11106667 
800 16 8 11156667 
800 16 9 10473333 
800 16 10 9e+06 
800 16 11 9013333 
800 16 12 8800000 
800 16 13 8766667 
800 50 4 11483333 
800 50 5 11280000 
800 50 6 10323333 
800 50 7 10686667 
800 50 8 10040000 
800 50 9 9826667 
800 50 10 9480000 
800 50 11 9316667 
800 50 12 9226667 
800 50 13 9173333 
800 100 4 11443333 
800 100 5 11350000 
800 100 6 10456667 
800 100 7 11123333 
800 100 8 11040000 
800 100 9 10730000 
800 100 10 10730000 
800 100 11 10730000 
800 100 12 10730000 
800 100 13 10730000 
800 200 4 11376667 
800 200 5 11156667 
800 200 6 10920000 
800 200 7 11143333 
800 200 8 11596667 
800 200 9 11790000 
800 200 10 11790000 
800 200 11 11790000 
800 200 12 11790000 
800 200 13 11790000 
800 300 4 11513333 
800 300 5 1.2e+07 
800 300 6 11763333 
800 300 7 12300000 
800 300 8 12060000 
800 300 9 12060000 
800 300 10 12060000 
800 300 11 12060000 
800 300 12 12060000 
800 300 13 12060000 
800 400 4 11513333 
800 400 5 1.2e+07 
800 400 6 11586667 
800 400 7 11346667 
800 400 8 10996667 
800 400 9 10996667 
800 400 10 10996667 
800 400 11 10996667 
800 400 12 10996667 
800 400 13 10996667 
800 750 4 11623333 
800 750 5 12076667 
800 750 6 12356667 
800 750 7 12356667 
800 750 8 12356667 
800 750 9 12356667 
800 750 10 12356667 
800 750 11 12356667 
800 750 12 12356667 
800 750 13 12356667 
1500 1 4 11450000 
1500 1 5 11583333 
1500 1 6 11646667 
1500 1 7 11643333 
1500 1 8 1.2e+07 
1500 1 9 12056667 
1500 1 10 12023333 
1500 1 11 12026667 
1500 1 12 12020000 
1500 1 13 11730000 
1500 2 4 10576667 
1500 2 5 10720000 
1500 2 6 10906667 
1500 2 7 11090000 
1500 2 8 11403333 
1500 2 9 11240000 
1500 2 10 11226667 
1500 2 11 11223333 
1500 2 12 11383333 
1500 2 13 11840000 
1500 4 4 11630000 
1500 4 5 11920000 
1500 4 6 11903333 
1500 4 7 11886667 
1500 4 8 12193333 
1500 4 9 12703333 
1500 4 10 12620000 
1500 4 11 12620000 
1500 4 12 12596667 
1500 4 13 12306667 
1500 8 4 11616667 
1500 8 5 11920000 
1500 8 6 11920000 
1500 8 7 12203333 
1500 8 8 12153333 
1500 8 9 12360000 
1500 8 10 12343333 
1500 8 11 12326667 
1500 8 12 12296667 
1500 8 13 12280000 
1500 16 4 11676667 
1500 16 5 12393333 
1500 16 6 12186667 
1500 16 7 12720000 
1500 16 8 12400000 
1500 16 9 12263333 
1500 16 10 12156667 
1500 16 11 12016667 
1500 16 12 11960000 
1500 16 13 11926667 
1500 50 4 11616667 
1500 50 5 12270000 
1500 50 6 12746667 
1500 50 7 12540000 
1500 50 8 12310000 
1500 50 9 12110000 
1500 50 10 12053333 
1500 50 11 12003333 
1500 50 12 11913333 
1500 50 13 11860000 
1500 100 4 11576667 
1500 100 5 12340000 
1500 100 6 12743333 
1500 100 7 12583333 
1500 100 8 12400000 
1500 100 9 12396667 
1500 100 10 12396667 
1500 100 11 12396667 
1500 100 12 12396667 
1500 100 13 12396667 
1500 200 4 11763333 
1500 200 5 12520000 
1500 200 6 12923333 
1500 200 7 12763333 
1500 200 8 12843333 
1500 200 9 12843333 
1500 200 10 12843333 
1500 200 11 12843333 
1500 200 12 12843333 
1500 200 13 12843333 
1500 300 4 11530000 
1500 300 5 12293333 
1500 300 6 12696667 
1500 300 7 12926667 
1500 300 8 12926667 
1500 300 9 12926667 
1500 300 10 12926667 
1500 300 11 12926667 
1500 300 12 12926667 
1500 300 13 12926667 
1500 400 4 11530000 
1500 400 5 12293333 
1500 400 6 12740000 
1500 400 7 12970000 
1500 400 8 12970000 
1500 400 9 12970000 
1500 400 10 12970000 
1500 400 11 12970000 
1500 400 12 12970000 
1500 400 13 12970000 
1500 750 4 11623333 
1500 750 5 12076667 
1500 750 6 12356667 
1500 750 7 12356667 
1500 750 8 12356667 
1500 750 9 12356667 
1500 750 10 12356667 
1500 750 11 12356667 
1500 750 12 12356667 
1500 750 13 12356667 
