2 1 4 11050667 
2 1 5 11050667 
2 1 6 11050667 
2 1 7 11050667 
2 1 8 11050667 
2 1 9 11050667 
2 1 10 11050667 
2 1 11 11050667 
2 1 12 11050667 
2 1 13 11050667 
2 2 4 11050667 
2 2 5 11050667 
2 2 6 11050667 
2 2 7 11050667 
2 2 8 11050667 
2 2 9 11050667 
2 2 10 11050667 
2 2 11 11050667 
2 2 12 11050667 
2 2 13 11050667 
2 4 4 11050667 
2 4 5 11050667 
2 4 6 11050667 
2 4 7 11050667 
2 4 8 11050667 
2 4 9 11050667 
2 4 10 11050667 
2 4 11 11050667 
2 4 12 11050667 
2 4 13 11050667 
2 8 4 11050667 
2 8 5 11050667 
2 8 6 11050667 
2 8 7 11050667 
2 8 8 11050667 
2 8 9 11050667 
2 8 10 11050667 
2 8 11 11050667 
2 8 12 11050667 
2 8 13 11050667 
2 16 4 11050667 
2 16 5 11050667 
2 16 6 11050667 
2 16 7 11050667 
2 16 8 11050667 
2 16 9 11050667 
2 16 10 11050667 
2 16 11 11050667 
2 16 12 11050667 
2 16 13 11050667 
2 50 4 11050667 
2 50 5 11050667 
2 50 6 11050667 
2 50 7 11050667 
2 50 8 11050667 
2 50 9 11050667 
2 50 10 11050667 
2 50 11 11050667 
2 50 12 11050667 
2 50 13 11050667 
2 100 4 11050667 
2 100 5 11050667 
2 100 6 11050667 
2 100 7 11050667 
2 100 8 11050667 
2 100 9 11050667 
2 100 10 11050667 
2 100 11 11050667 
2 100 12 11050667 
2 100 13 11050667 
2 200 4 11050667 
2 200 5 11050667 
2 200 6 11050667 
2 200 7 11050667 
2 200 8 11050667 
2 200 9 11050667 
2 200 10 11050667 
2 200 11 11050667 
2 200 12 11050667 
2 200 13 11050667 
2 300 4 11050667 
2 300 5 11050667 
2 300 6 11050667 
2 300 7 11050667 
2 300 8 11050667 
2 300 9 11050667 
2 300 10 11050667 
2 300 11 11050667 
2 300 12 11050667 
2 300 13 11050667 
4 1 4 11050667 
4 1 5 11050667 
4 1 6 11050667 
4 1 7 11050667 
4 1 8 11050667 
4 1 9 11050667 
4 1 10 11050667 
4 1 11 11050667 
4 1 12 11050667 
4 1 13 11050667 
4 2 4 11050667 
4 2 5 11050667 
4 2 6 11050667 
4 2 7 11050667 
4 2 8 11050667 
4 2 9 11050667 
4 2 10 11050667 
4 2 11 11050667 
4 2 12 11050667 
4 2 13 11050667 
4 4 4 11050667 
4 4 5 11050667 
4 4 6 11050667 
4 4 7 11050667 
4 4 8 11050667 
4 4 9 11050667 
4 4 10 11050667 
4 4 11 11050667 
4 4 12 11050667 
4 4 13 11050667 
4 8 4 11050667 
4 8 5 11050667 
4 8 6 11050667 
4 8 7 11050667 
4 8 8 11050667 
4 8 9 11050667 
4 8 10 11050667 
4 8 11 11050667 
4 8 12 11050667 
4 8 13 11050667 
4 16 4 11050667 
4 16 5 11050667 
4 16 6 11050667 
4 16 7 11050667 
4 16 8 11050667 
4 16 9 11050667 
4 16 10 11050667 
4 16 11 11050667 
4 16 12 11050667 
4 16 13 11050667 
4 50 4 11050667 
4 50 5 11050667 
4 50 6 11050667 
4 50 7 11050667 
4 50 8 11050667 
4 50 9 11050667 
4 50 10 11050667 
4 50 11 11050667 
4 50 12 11050667 
4 50 13 11050667 
4 100 4 11050667 
4 100 5 11050667 
4 100 6 11050667 
4 100 7 11050667 
4 100 8 11050667 
4 100 9 11050667 
4 100 10 11050667 
4 100 11 11050667 
4 100 12 11050667 
4 100 13 11050667 
4 200 4 11050667 
4 200 5 11050667 
4 200 6 11050667 
4 200 7 11050667 
4 200 8 11050667 
4 200 9 11050667 
4 200 10 11050667 
4 200 11 11050667 
4 200 12 11050667 
4 200 13 11050667 
4 300 4 11050667 
4 300 5 11050667 
4 300 6 11050667 
4 300 7 11050667 
4 300 8 11050667 
4 300 9 11050667 
4 300 10 11050667 
4 300 11 11050667 
4 300 12 11050667 
4 300 13 11050667 
8 1 4 11050667 
8 1 5 11050667 
8 1 6 11050667 
8 1 7 11050667 
8 1 8 11050667 
8 1 9 11050667 
8 1 10 11050667 
8 1 11 11050667 
8 1 12 11050667 
8 1 13 11050667 
8 2 4 11050667 
8 2 5 11050667 
8 2 6 11050667 
8 2 7 11050667 
8 2 8 11050667 
8 2 9 11050667 
8 2 10 11050667 
8 2 11 11050667 
8 2 12 11050667 
8 2 13 11050667 
8 4 4 11050667 
8 4 5 11050667 
8 4 6 11050667 
8 4 7 11050667 
8 4 8 11050667 
8 4 9 11050667 
8 4 10 11050667 
8 4 11 11050667 
8 4 12 11050667 
8 4 13 11050667 
8 8 4 11050667 
8 8 5 11050667 
8 8 6 11050667 
8 8 7 11050667 
8 8 8 11050667 
8 8 9 11050667 
8 8 10 11050667 
8 8 11 11050667 
8 8 12 11050667 
8 8 13 11050667 
8 16 4 11050667 
8 16 5 11050667 
8 16 6 11050667 
8 16 7 11050667 
8 16 8 11050667 
8 16 9 11050667 
8 16 10 11050667 
8 16 11 11050667 
8 16 12 11050667 
8 16 13 11050667 
8 50 4 11050667 
8 50 5 11050667 
8 50 6 11050667 
8 50 7 11050667 
8 50 8 11050667 
8 50 9 11050667 
8 50 10 11050667 
8 50 11 11050667 
8 50 12 11050667 
8 50 13 11050667 
8 100 4 11050667 
8 100 5 11050667 
8 100 6 11050667 
8 100 7 11050667 
8 100 8 11050667 
8 100 9 11050667 
8 100 10 11050667 
8 100 11 11050667 
8 100 12 11050667 
8 100 13 11050667 
8 200 4 11050667 
8 200 5 11050667 
8 200 6 11050667 
8 200 7 11050667 
8 200 8 11050667 
8 200 9 11050667 
8 200 10 11050667 
8 200 11 11050667 
8 200 12 11050667 
8 200 13 11050667 
8 300 4 11050667 
8 300 5 11050667 
8 300 6 11050667 
8 300 7 11050667 
8 300 8 11050667 
8 300 9 11050667 
8 300 10 11050667 
8 300 11 11050667 
8 300 12 11050667 
8 300 13 11050667 
16 1 4 11050667 
16 1 5 11050667 
16 1 6 11050667 
16 1 7 11050667 
16 1 8 11050667 
16 1 9 11050667 
16 1 10 11050667 
16 1 11 11050667 
16 1 12 11050667 
16 1 13 11050667 
16 2 4 11050667 
16 2 5 11050667 
16 2 6 11050667 
16 2 7 11050667 
16 2 8 11050667 
16 2 9 11050667 
16 2 10 11050667 
16 2 11 11050667 
16 2 12 11050667 
16 2 13 11050667 
16 4 4 11050667 
16 4 5 11050667 
16 4 6 11050667 
16 4 7 11050667 
16 4 8 11050667 
16 4 9 11050667 
16 4 10 11050667 
16 4 11 11050667 
16 4 12 11050667 
16 4 13 11050667 
16 8 4 11050667 
16 8 5 11050667 
16 8 6 11050667 
16 8 7 11050667 
16 8 8 11050667 
16 8 9 11050667 
16 8 10 11050667 
16 8 11 11050667 
16 8 12 11050667 
16 8 13 11050667 
16 16 4 11050667 
16 16 5 11050667 
16 16 6 11050667 
16 16 7 11050667 
16 16 8 11050667 
16 16 9 11050667 
16 16 10 11050667 
16 16 11 11050667 
16 16 12 11050667 
16 16 13 11050667 
16 50 4 11050667 
16 50 5 11050667 
16 50 6 11050667 
16 50 7 11050667 
16 50 8 11050667 
16 50 9 11050667 
16 50 10 11050667 
16 50 11 11050667 
16 50 12 11050667 
16 50 13 11050667 
16 100 4 11050667 
16 100 5 11050667 
16 100 6 11050667 
16 100 7 11050667 
16 100 8 11050667 
16 100 9 11050667 
16 100 10 11050667 
16 100 11 11050667 
16 100 12 11050667 
16 100 13 11050667 
16 200 4 11050667 
16 200 5 11050667 
16 200 6 11050667 
16 200 7 11050667 
16 200 8 11050667 
16 200 9 11050667 
16 200 10 11050667 
16 200 11 11050667 
16 200 12 11050667 
16 200 13 11050667 
16 300 4 11050667 
16 300 5 11050667 
16 300 6 11050667 
16 300 7 11050667 
16 300 8 11050667 
16 300 9 11050667 
16 300 10 11050667 
16 300 11 11050667 
16 300 12 11050667 
16 300 13 11050667 
32 1 4 11050667 
32 1 5 11050667 
32 1 6 11050667 
32 1 7 11050667 
32 1 8 11050667 
32 1 9 11050667 
32 1 10 11050667 
32 1 11 11050667 
32 1 12 11050667 
32 1 13 11050667 
32 2 4 11050667 
32 2 5 11050667 
32 2 6 11050667 
32 2 7 11050667 
32 2 8 11050667 
32 2 9 11050667 
32 2 10 11050667 
32 2 11 11050667 
32 2 12 11050667 
32 2 13 11050667 
32 4 4 11050667 
32 4 5 11050667 
32 4 6 11050667 
32 4 7 11050667 
32 4 8 11050667 
32 4 9 11050667 
32 4 10 11050667 
32 4 11 11050667 
32 4 12 11050667 
32 4 13 11050667 
32 8 4 11050667 
32 8 5 11050667 
32 8 6 11050667 
32 8 7 11050667 
32 8 8 11050667 
32 8 9 11050667 
32 8 10 11050667 
32 8 11 11050667 
32 8 12 11050667 
32 8 13 11050667 
32 16 4 11050667 
32 16 5 11050667 
32 16 6 11050667 
32 16 7 11050667 
32 16 8 11050667 
32 16 9 11050667 
32 16 10 11050667 
32 16 11 11050667 
32 16 12 11050667 
32 16 13 11050667 
32 50 4 11050667 
32 50 5 11050667 
32 50 6 11050667 
32 50 7 11050667 
32 50 8 11050667 
32 50 9 11050667 
32 50 10 11050667 
32 50 11 11050667 
32 50 12 11050667 
32 50 13 11050667 
32 100 4 11050667 
32 100 5 11050667 
32 100 6 11050667 
32 100 7 11050667 
32 100 8 11050667 
32 100 9 11050667 
32 100 10 11050667 
32 100 11 11050667 
32 100 12 11050667 
32 100 13 11050667 
32 200 4 11050667 
32 200 5 11050667 
32 200 6 11050667 
32 200 7 11050667 
32 200 8 11050667 
32 200 9 11050667 
32 200 10 11050667 
32 200 11 11050667 
32 200 12 11050667 
32 200 13 11050667 
32 300 4 11050667 
32 300 5 11050667 
32 300 6 11050667 
32 300 7 11050667 
32 300 8 11050667 
32 300 9 11050667 
32 300 10 11050667 
32 300 11 11050667 
32 300 12 11050667 
32 300 13 11050667 
100 1 4 11050667 
100 1 5 11050667 
100 1 6 11050667 
100 1 7 11050667 
100 1 8 11050667 
100 1 9 11050667 
100 1 10 11050667 
100 1 11 11050667 
100 1 12 11050667 
100 1 13 11050667 
100 2 4 11050667 
100 2 5 11050667 
100 2 6 11050667 
100 2 7 11050667 
100 2 8 11050667 
100 2 9 11050667 
100 2 10 11050667 
100 2 11 11050667 
100 2 12 11050667 
100 2 13 11050667 
100 4 4 11050667 
100 4 5 11050667 
100 4 6 11050667 
100 4 7 11050667 
100 4 8 11050667 
100 4 9 11050667 
100 4 10 11050667 
100 4 11 11050667 
100 4 12 11050667 
100 4 13 11050667 
100 8 4 11050667 
100 8 5 11050667 
100 8 6 11050667 
100 8 7 11050667 
100 8 8 11050667 
100 8 9 11050667 
100 8 10 11050667 
100 8 11 11050667 
100 8 12 11050667 
100 8 13 11050667 
100 16 4 11050667 
100 16 5 11050667 
100 16 6 11050667 
100 16 7 11050667 
100 16 8 11050667 
100 16 9 11050667 
100 16 10 11050667 
100 16 11 11050667 
100 16 12 11050667 
100 16 13 11050667 
100 50 4 11050667 
100 50 5 11050667 
100 50 6 11050667 
100 50 7 11050667 
100 50 8 11050667 
100 50 9 11050667 
100 50 10 11050667 
100 50 11 11050667 
100 50 12 11050667 
100 50 13 11050667 
100 100 4 11050667 
100 100 5 11050667 
100 100 6 11050667 
100 100 7 11050667 
100 100 8 11050667 
100 100 9 11050667 
100 100 10 11050667 
100 100 11 11050667 
100 100 12 11050667 
100 100 13 11050667 
100 200 4 11050667 
100 200 5 11050667 
100 200 6 11050667 
100 200 7 11050667 
100 200 8 11050667 
100 200 9 11050667 
100 200 10 11050667 
100 200 11 11050667 
100 200 12 11050667 
100 200 13 11050667 
100 300 4 11050667 
100 300 5 11050667 
100 300 6 11050667 
100 300 7 11050667 
100 300 8 11050667 
100 300 9 11050667 
100 300 10 11050667 
100 300 11 11050667 
100 300 12 11050667 
100 300 13 11050667 
200 1 4 11050667 
200 1 5 11050667 
200 1 6 11050667 
200 1 7 11050667 
200 1 8 11050667 
200 1 9 11050667 
200 1 10 11050667 
200 1 11 11050667 
200 1 12 11050667 
200 1 13 11050667 
200 2 4 11050667 
200 2 5 11050667 
200 2 6 11050667 
200 2 7 11050667 
200 2 8 11050667 
200 2 9 11050667 
200 2 10 11050667 
200 2 11 11050667 
200 2 12 11050667 
200 2 13 11050667 
200 4 4 11050667 
200 4 5 11050667 
200 4 6 11050667 
200 4 7 11050667 
200 4 8 11050667 
200 4 9 11050667 
200 4 10 11050667 
200 4 11 11050667 
200 4 12 11050667 
200 4 13 11050667 
200 8 4 11050667 
200 8 5 11050667 
200 8 6 11050667 
200 8 7 11050667 
200 8 8 11050667 
200 8 9 11050667 
200 8 10 11050667 
200 8 11 11050667 
200 8 12 11050667 
200 8 13 11050667 
200 16 4 11050667 
200 16 5 11050667 
200 16 6 11050667 
200 16 7 11050667 
200 16 8 11050667 
200 16 9 11050667 
200 16 10 11050667 
200 16 11 11050667 
200 16 12 11050667 
200 16 13 11050667 
200 50 4 11050667 
200 50 5 11050667 
200 50 6 11050667 
200 50 7 11050667 
200 50 8 11050667 
200 50 9 11050667 
200 50 10 11050667 
200 50 11 11050667 
200 50 12 11050667 
200 50 13 11050667 
200 100 4 11050667 
200 100 5 11050667 
200 100 6 11050667 
200 100 7 11050667 
200 100 8 11050667 
200 100 9 11050667 
200 100 10 11050667 
200 100 11 11050667 
200 100 12 11050667 
200 100 13 11050667 
200 200 4 11050667 
200 200 5 11050667 
200 200 6 11050667 
200 200 7 11050667 
200 200 8 11050667 
200 200 9 11050667 
200 200 10 11050667 
200 200 11 11050667 
200 200 12 11050667 
200 200 13 11050667 
200 300 4 11050667 
200 300 5 11050667 
200 300 6 11050667 
200 300 7 11050667 
200 300 8 11050667 
200 300 9 11050667 
200 300 10 11050667 
200 300 11 11050667 
200 300 12 11050667 
200 300 13 11050667 
400 1 4 11050667 
400 1 5 11050667 
400 1 6 11050667 
400 1 7 11050667 
400 1 8 11050667 
400 1 9 11050667 
400 1 10 11050667 
400 1 11 11050667 
400 1 12 11050667 
400 1 13 11050667 
400 2 4 11050667 
400 2 5 11050667 
400 2 6 11050667 
400 2 7 11050667 
400 2 8 11050667 
400 2 9 11050667 
400 2 10 11050667 
400 2 11 11050667 
400 2 12 11050667 
400 2 13 11050667 
400 4 4 11050667 
400 4 5 11050667 
400 4 6 11050667 
400 4 7 11050667 
400 4 8 11050667 
400 4 9 11050667 
400 4 10 11050667 
400 4 11 11050667 
400 4 12 11050667 
400 4 13 11050667 
400 8 4 11050667 
400 8 5 11050667 
400 8 6 11050667 
400 8 7 11050667 
400 8 8 11050667 
400 8 9 11050667 
400 8 10 11050667 
400 8 11 11050667 
400 8 12 11050667 
400 8 13 11050667 
400 16 4 11050667 
400 16 5 11050667 
400 16 6 11050667 
400 16 7 11050667 
400 16 8 11050667 
400 16 9 11050667 
400 16 10 11050667 
400 16 11 11050667 
400 16 12 11050667 
400 16 13 11050667 
400 50 4 11050667 
400 50 5 11050667 
400 50 6 11050667 
400 50 7 11050667 
400 50 8 11050667 
400 50 9 11050667 
400 50 10 11050667 
400 50 11 11050667 
400 50 12 11050667 
400 50 13 11050667 
400 100 4 11050667 
400 100 5 11050667 
400 100 6 11050667 
400 100 7 11050667 
400 100 8 11050667 
400 100 9 11050667 
400 100 10 11050667 
400 100 11 11050667 
400 100 12 11050667 
400 100 13 11050667 
400 200 4 11050667 
400 200 5 11050667 
400 200 6 11050667 
400 200 7 11050667 
400 200 8 11050667 
400 200 9 11050667 
400 200 10 11050667 
400 200 11 11050667 
400 200 12 11050667 
400 200 13 11050667 
400 300 4 11050667 
400 300 5 11050667 
400 300 6 11050667 
400 300 7 11050667 
400 300 8 11050667 
400 300 9 11050667 
400 300 10 11050667 
400 300 11 11050667 
400 300 12 11050667 
400 300 13 11050667 
600 1 4 11050667 
600 1 5 11050667 
600 1 6 11050667 
600 1 7 11050667 
600 1 8 11050667 
600 1 9 11050667 
600 1 10 11050667 
600 1 11 11050667 
600 1 12 11050667 
600 1 13 11050667 
600 2 4 11050667 
600 2 5 11050667 
600 2 6 11050667 
600 2 7 11050667 
600 2 8 11050667 
600 2 9 11050667 
600 2 10 11050667 
600 2 11 11050667 
600 2 12 11050667 
600 2 13 11050667 
600 4 4 11050667 
600 4 5 11050667 
600 4 6 11050667 
600 4 7 11050667 
600 4 8 11050667 
600 4 9 11050667 
600 4 10 11050667 
600 4 11 11050667 
600 4 12 11050667 
600 4 13 11050667 
600 8 4 11050667 
600 8 5 11050667 
600 8 6 11050667 
600 8 7 11050667 
600 8 8 11050667 
600 8 9 11050667 
600 8 10 11050667 
600 8 11 11050667 
600 8 12 11050667 
600 8 13 11050667 
600 16 4 11050667 
600 16 5 11050667 
600 16 6 11050667 
600 16 7 11050667 
600 16 8 11050667 
600 16 9 11050667 
600 16 10 11050667 
600 16 11 11050667 
600 16 12 11050667 
600 16 13 11050667 
600 50 4 11050667 
600 50 5 11050667 
600 50 6 11050667 
600 50 7 11050667 
600 50 8 11050667 
600 50 9 11050667 
600 50 10 11050667 
600 50 11 11050667 
600 50 12 11050667 
600 50 13 11050667 
600 100 4 11050667 
600 100 5 11050667 
600 100 6 11050667 
600 100 7 11050667 
600 100 8 11050667 
600 100 9 11050667 
600 100 10 11050667 
600 100 11 11050667 
600 100 12 11050667 
600 100 13 11050667 
600 200 4 11050667 
600 200 5 11050667 
600 200 6 11050667 
600 200 7 11050667 
600 200 8 11050667 
600 200 9 11050667 
600 200 10 11050667 
600 200 11 11050667 
600 200 12 11050667 
600 200 13 11050667 
600 300 4 11050667 
600 300 5 11050667 
600 300 6 11050667 
600 300 7 11050667 
600 300 8 11050667 
600 300 9 11050667 
600 300 10 11050667 
600 300 11 11050667 
600 300 12 11050667 
600 300 13 11050667 
1200 400 6 11050667 
1200 400 6 11050667 
