fecha	cp	minsplit	minbucket	maxdepth	xval_folds	ganancia	iteracion
20220517 185510	-0.119884553669544	5916	786	7	5	8813000	1
20220517 185557	-0.56335947195912	3576	146	12	5	9431000	2
20220517 185637	-0.463804150774376	7692	991	17	5	8178000	3
20220517 185711	-0.299662237557641	6284	733	7	5	8594000	4
20220517 185756	-0.210042339721986	3314	1035	19	5	9218000	5
20220517 185843	-0.405147200521605	4397	336	11	5	9420000	6
20220517 185930	-0.92584135729121	2538	619	14	5	9794000	7
20220517 185958	-0.316094243289262	6825	1665	5	5	8346000	8
20220517 190043	-0.0173466570966411	2320	446	9	5	10253000	9
20220517 190124	-0.694775094665238	5202	1492	20	5	8669000	10
20220517 190145	-0.741631032062287	4682	52	3	5	8969000	11
20220517 190225	-0.0899249700029031	7110	1228	14	5	8250000	12
20220517 190306	-0.784527965809684	4454	1234	10	5	9674000	13
20220517 190331	0.0301425419806038	6948	1642	12	5	0	14
20220517 190402	-0.649435635394184	3591	848	5	5	9454000	15
20220517 190500	-0.392614787118509	1616	126	17	5	9772000	16
20220517 190547	-0.948066996543879	1973	986	10	5	10095000	17
20220517 190626	-0.978629389665399	2419	1170	7	5	9279000	18
20220517 190651	0.066949288305868	1209	604	11	5	0	19
20220517 190728	-0.0437186329055057	1979	142	6	5	9811000	20
20220517 190750	-0.916476438706502	3273	1628	3	5	8544000	21
20220517 190844	-0.95360208068246	44	17	10	5	8936000	22
20220517 190944	-0.027073627585659	634	308	20	5	9447000	23
20220517 191026	-0.950058610321293	7086	850	20	5	8277000	24
20220517 191104	-0.835694482357565	1711	728	11	5	9821000	25
20220517 191122	-0.0249704359329983	3030	323	3	5	8919000	26
20220517 191203	-0.0413776713499434	1120	554	11	5	9814000	27
20220517 191249	-0.797279551521702	756	346	16	5	8680000	28
20220517 191341	-0.014010943610104	290	2	10	5	8659000	29
20220517 191425	-0.0717024482976234	2454	100	14	5	9435000	30
20220517 191442	-0.821451591992018	7457	891	3	5	8277000	31
20220517 191522	-0.876629180298855	1677	837	16	5	9767000	32
20220517 191600	-0.0330706219408235	3329	320	12	5	8981000	33
20220517 191642	-0.614730934997773	4905	123	15	5	8897000	34
20220517 191750	-0.360785420702546	5294	6	19	5	8136000	35
20220517 191837	-0.843067510031159	3048	1523	20	5	8934000	36
20220517 191942	-0.429861129360873	18	6	12	5	8043000	37
20220517 192030	-0.39226894410408	2462	1219	17	5	9147000	38
20220517 192054	-0.861088774750454	580	131	3	5	8919000	39
20220517 192115	-0.751882397794612	2802	1394	4	5	8490000	40
20220517 192138	-0.586903642121891	2918	1136	3	5	8603000	41
20220517 192154	-0.677293853874592	5127	4	3	5	8470000	42
20220517 192228	-0.0173984339737364	1638	717	10	5	9827000	43
20220517 192253	-0.0935195871088348	869	424	5	5	10129000	44
20220517 192324	-0.16138836032181	748	355	7	5	9327000	45
20220517 192342	-0.380488044681573	1030	508	3	5	8884000	46
20220517 192409	-0.063915392754768	1655	434	6	5	9849000	47
20220517 192450	-0.114103346969594	1208	485	20	5	9565000	48
20220517 192521	-0.109367772673076	1587	3	6	5	9206000	49
20220517 192553	-0.153239050674509	2783	1391	10	5	9020000	50
20220517 192619	-0.241323450607717	992	487	5	5	10193000	51
20220517 192703	-0.256660437527829	718	355	20	5	8374000	52
20220517 192721	-0.22217121958742	1687	823	3	5	8866000	53
20220517 192742	-0.241193280348458	4133	83	4	5	8984000	54
20220517 192801	-0.937213976507977	1498	741	3	5	8806000	55
20220517 192837	-0.945384861892753	2199	1099	20	5	9552000	56
20220517 192913	-0.0928730101692818	1186	589	9	5	9384000	57
20220517 192947	-0.0289065944319619	1966	899	8	5	10263000	58
20220517 193022	-0.0270793297604603	1505	536	8	5	9284000	59
20220517 193050	-0.0442631323713222	2470	1230	6	5	9113000	60
20220517 193124	-0.0285791385146099	2267	1038	20	5	9915000	61
20220517 193204	-0.0145602779367146	4243	350	20	5	9501000	62
20220517 193242	-0.90142481315457	2046	450	20	5	10199000	63
20220517 193333	-0.0523247236058712	76	38	20	5	3463000	64
20220517 193401	-0.139317965443549	5182	1332	8	5	9049000	65
20220517 193430	-0.898814318437409	4846	1232	10	5	9442000	66
20220517 193501	-0.573396306017763	2681	1196	12	5	9254000	67
20220517 193537	-0.727747105306573	2756	216	12	5	9780000	68
20220517 193607	-0.472832807208667	3194	1177	14	5	9121000	69
20220517 193625	0.0875602201561212	2819	104	20	5	0	70
20220517 193641	-0.0742530823373796	2667	345	3	5	8919000	71
20220517 193725	-0.867808197883292	2276	2	11	5	9607000	72
20220517 193740	-0.118765685632893	817	389	3	5	8919000	73
20220517 193817	-0.700644932484627	3529	280	20	5	9441000	74
20220517 193858	-0.666101241585225	2538	19	16	5	8410000	75
20220517 193931	-0.833279627868497	4626	500	14	5	9330000	76
20220517 194015	-0.783521695209799	3579	6	18	5	8830000	77
20220517 194031	-0.217251124228718	816	15	3	5	8410000	78
20220517 194048	-0.269820339532793	1297	642	3	5	8778000	79
20220517 194128	-0.155027297847451	1892	239	20	5	10010000	80
20220517 194159	-0.898881616747244	2104	1030	9	5	9792000	81
20220517 194238	-0.956384893010149	2031	10	12	5	9008000	82
20220517 194314	-0.417860174769413	3052	10	10	5	8864000	83
20220517 194352	-0.154060843807208	3830	124	20	5	9453000	84
20220517 194430	-0.524066433059666	2611	193	20	5	9783000	85
20220517 194500	-0.532818504225721	3353	1544	19	5	8872000	86
20220517 194540	-0.480349707011107	1834	312	19	5	10288000	87
20220517 194613	-0.507055861563141	1855	799	11	5	9976000	88
20220517 194647	-0.446573107190901	1770	792	17	5	9743000	89
20220517 194711	-0.486627201518348	2202	32	6	5	9201000	90
20220517 194749	-0.539541997818951	1656	318	20	5	10007000	91
20220517 194824	-0.496957528111577	1283	535	20	5	9569000	92
20220517 194900	-0.0862985316656548	4499	192	20	5	9464000	93
20220517 194930	-0.0170786971269751	2060	825	15	5	10036000	94
20220517 194956	-0.812326758690229	5274	1912	9	5	8423000	95
20220517 195015	-0.0179390613240638	814	396	4	5	8875000	96
20220517 195058	-0.509457057671061	1892	21	20	5	8027000	97
20220517 195128	-0.527813421091153	1626	524	10	5	9687000	98
20220517 195154	-0.0178706937240615	4168	946	8	5	9552000	99
20220517 195231	-0.891835248872251	1684	87	14	5	9718000	100
20220517 195303	-0.485971875059796	1591	779	15	5	9538000	101
20220517 195342	-0.468001138172056	672	242	20	5	9174000	102
20220517 195415	-0.536523734856529	7532	229	18	5	8355000	103
20220517 195451	-0.138948398452103	864	397	20	5	9290000	104
20220517 195525	-0.172301516267075	1064	526	20	5	10144000	105
20220517 195556	-0.909862050636327	1827	913	17	5	10241000	106
20220517 195612	-0.504360123843176	2652	1302	3	5	8994000	107
20220517 195655	-0.165101938336169	175	76	20	5	6981000	108
20220517 195726	-0.178735916954065	2308	878	18	5	10307000	109
20220517 195755	-0.174198108808047	2166	706	9	5	10015000	110
20220517 195829	-0.152390264438271	1857	571	14	5	9937000	111
20220517 195911	-0.911314536373068	2193	2	15	5	9318000	112
20220517 195927	-0.0388198563811751	1868	836	3	5	8866000	113
20220517 200003	-0.182276593654465	3555	287	17	5	9438000	114
20220517 200032	-0.173582871831227	3075	1487	20	5	8811000	115
20220517 200105	-0.471718058886961	2368	542	20	5	10108000	116
